version = 'MMult2';
MY_MMult = [
40 8.000000e+00 3.552714e-15 
80 7.529412e+00 7.993606e-15 
120 7.480519e+00 1.243450e-14 
160 4.735260e+00 1.598721e-14 
200 5.576856e+00 1.953993e-14 
240 5.658616e+00 2.664535e-14 
280 5.386333e+00 3.197442e-14 
320 2.213456e+00 4.263256e-14 
360 5.123655e+00 4.618528e-14 
400 3.472316e+00 4.973799e-14 
440 5.172384e+00 5.684342e-14 
480 3.512976e+00 6.750156e-14 
520 3.990464e+00 8.526513e-14 
560 3.414130e+00 6.572520e-14 
600 3.500328e+00 7.460699e-14 
640 1.633897e+00 9.237056e-14 
680 3.442473e+00 9.237056e-14 
720 3.585372e+00 1.065814e-13 
760 3.438109e+00 1.136868e-13 
800 3.545706e+00 9.947598e-14 
840 3.432195e+00 1.172396e-13 
880 3.406687e+00 1.278977e-13 
920 3.492548e+00 1.350031e-13 
960 1.901519e+00 1.563194e-13 
1000 3.171799e+00 1.563194e-13 
1040 3.492981e+00 1.350031e-13 
1080 3.380103e+00 1.705303e-13 
1120 3.384834e+00 1.776357e-13 
1160 3.217695e+00 1.918465e-13 
1200 2.749018e+00 1.563194e-13 
];
