version = 'MMult3';
MY_MMult = [
40 9.142857e+00 3.108624e-15 
80 9.225225e+00 8.881784e-15 
120 8.793893e+00 1.154632e-14 
160 9.082040e+00 1.598721e-14 
200 9.039548e+00 1.865175e-14 
240 8.941785e+00 2.575717e-14 
280 9.005949e+00 3.197442e-14 
320 8.692930e+00 4.263256e-14 
360 8.497587e+00 4.618528e-14 
400 8.727669e+00 4.973799e-14 
440 8.526073e+00 5.329071e-14 
480 8.304261e+00 5.329071e-14 
520 8.342708e+00 6.039613e-14 
560 8.402277e+00 6.394885e-14 
600 8.181043e+00 7.460699e-14 
640 8.325997e+00 8.526513e-14 
680 8.433317e+00 8.526513e-14 
720 7.753950e+00 9.947598e-14 
760 8.369179e+00 1.030287e-13 
